0.766135 0.76602 0.76625 2017-02-02T22:38:23.507753Z
0.766135 0.76602 0.76625 2017-02-02T22:38:23.507753Z
0.766135 0.76602 0.76625 2017-02-02T22:38:23.507753Z
0.766135 0.76602 0.76625 2017-02-02T22:38:23.507753Z
0.7660899999999999 0.76597 0.76621 2017-02-02T22:38:23.507753Z
0.7660899999999999 0.76597 0.76621 2017-02-02T22:38:23.507753Z
0.7660899999999999 0.76597 0.76621 2017-02-02T22:38:23.507753Z
0.7660899999999999 0.76597 0.76621 2017-02-02T22:38:23.507753Z
0.7660899999999999 0.76597 0.76621 2017-02-02T22:38:23.507753Z
0.7660899999999999 0.76597 0.76621 2017-02-02T22:38:23.507753Z
0.7660899999999999 0.76597 0.76621 2017-02-02T22:38:23.507753Z
0.7660899999999999 0.76597 0.76621 2017-02-02T22:38:23.507753Z
0.7660899999999999 0.76597 0.76621 2017-02-02T22:38:23.507753Z
0.7660899999999999 0.76597 0.76621 2017-02-02T22:38:23.507753Z
0.7660899999999999 0.76597 0.76621 2017-02-02T22:38:23.507753Z
0.7660899999999999 0.76597 0.76621 2017-02-02T22:38:23.507753Z
0.7660899999999999 0.76597 0.76621 2017-02-02T22:38:23.507753Z
0.7660899999999999 0.76597 0.76621 2017-02-02T22:38:23.507753Z
0.7660899999999999 0.76597 0.76621 2017-02-02T22:38:23.507753Z
0.7660899999999999 0.76597 0.76621 2017-02-02T22:38:23.507753Z
0.7660899999999999 0.76597 0.76621 2017-02-02T22:38:23.507753Z
0.7660899999999999 0.76597 0.76621 2017-02-02T22:38:23.507753Z
0.7660899999999999 0.76597 0.76621 2017-02-02T22:38:23.507753Z
0.7660899999999999 0.76597 0.76621 2017-02-02T22:38:23.507753Z
0.7660899999999999 0.76597 0.76621 2017-02-02T22:38:23.507753Z
0.7660899999999999 0.76597 0.76621 2017-02-02T22:38:23.507753Z
0.7660899999999999 0.76597 0.76621 2017-02-02T22:38:23.507753Z
0.7660899999999999 0.76597 0.76621 2017-02-02T22:38:23.507753Z
0.7660899999999999 0.76597 0.76621 2017-02-02T22:38:23.507753Z
0.7660899999999999 0.76597 0.76621 2017-02-02T22:38:23.507753Z
0.7660899999999999 0.76597 0.76621 2017-02-02T22:38:23.507753Z
0.7660899999999999 0.76597 0.76621 2017-02-02T22:38:23.507753Z
0.7660899999999999 0.76597 0.76621 2017-02-02T22:38:23.507753Z
0.7660899999999999 0.76597 0.76621 2017-02-02T22:38:23.507753Z
0.7660899999999999 0.76597 0.76621 2017-02-02T22:38:23.507753Z
0.7660899999999999 0.76597 0.76621 2017-02-02T22:38:23.507753Z
0.7660899999999999 0.76597 0.76621 2017-02-02T22:38:23.507753Z
0.7660899999999999 0.76597 0.76621 2017-02-02T22:38:23.507753Z
0.7660899999999999 0.76597 0.76621 2017-02-02T22:38:23.507753Z
0.7660899999999999 0.76597 0.76621 2017-02-02T22:38:23.507753Z
0.7660899999999999 0.76597 0.76621 2017-02-02T22:38:23.507753Z
0.7660899999999999 0.76597 0.76621 2017-02-02T22:38:23.507753Z
0.7660899999999999 0.76597 0.76621 2017-02-02T22:38:23.507753Z
0.7660899999999999 0.76597 0.76621 2017-02-02T22:38:23.507753Z
0.7660899999999999 0.76597 0.76621 2017-02-02T22:38:23.507753Z
0.7660899999999999 0.76597 0.76621 2017-02-02T22:38:23.507753Z
0.7660899999999999 0.76597 0.76621 2017-02-02T22:38:23.507753Z
0.7660899999999999 0.76597 0.76621 2017-02-02T22:38:23.507753Z
0.7660899999999999 0.76597 0.76621 2017-02-02T22:38:23.507753Z
0.7660899999999999 0.76597 0.76621 2017-02-02T22:38:23.507753Z
0.7660899999999999 0.76597 0.76621 2017-02-02T22:38:23.507753Z
0.7660899999999999 0.76597 0.76621 2017-02-02T22:38:23.507753Z
0.7660899999999999 0.76597 0.76621 2017-02-02T22:38:23.507753Z
0.7660899999999999 0.76597 0.76621 2017-02-02T22:38:23.507753Z
0.7660899999999999 0.76597 0.76621 2017-02-02T22:38:23.507753Z
0.7660899999999999 0.76597 0.76621 2017-02-02T22:38:23.507753Z
0.7660899999999999 0.76597 0.76621 2017-02-02T22:38:23.507753Z
0.7660899999999999 0.76597 0.76621 2017-02-02T22:38:23.507753Z
0.7660899999999999 0.76597 0.76621 2017-02-02T22:38:23.507753Z
0.7660899999999999 0.76597 0.76621 2017-02-02T22:38:23.507753Z
0.7660899999999999 0.76597 0.76621 2017-02-02T22:38:23.507753Z
0.7660899999999999 0.76597 0.76621 2017-02-02T22:38:23.507753Z
0.7660899999999999 0.76597 0.76621 2017-02-02T22:38:23.507753Z
0.7660899999999999 0.76597 0.76621 2017-02-02T22:38:23.507753Z
0.7660899999999999 0.76597 0.76621 2017-02-02T22:38:23.507753Z
0.7660899999999999 0.76597 0.76621 2017-02-02T22:38:23.507753Z
0.7660899999999999 0.76597 0.76621 2017-02-02T22:38:23.507753Z
0.7660899999999999 0.76597 0.76621 2017-02-02T22:38:23.507753Z
0.7660899999999999 0.76597 0.76621 2017-02-02T22:38:23.507753Z
0.7660899999999999 0.76597 0.76621 2017-02-02T22:38:23.507753Z
0.7660899999999999 0.76597 0.76621 2017-02-02T22:38:23.507753Z
0.7660899999999999 0.76597 0.76621 2017-02-02T22:38:23.507753Z
0.7660899999999999 0.76597 0.76621 2017-02-02T22:38:23.507753Z
0.7660899999999999 0.76597 0.76621 2017-02-02T22:38:23.507753Z
0.7660899999999999 0.76597 0.76621 2017-02-02T22:38:23.507753Z
0.7660899999999999 0.76597 0.76621 2017-02-02T22:38:23.507753Z
0.7660899999999999 0.76597 0.76621 2017-02-02T22:38:23.507753Z
0.7660899999999999 0.76597 0.76621 2017-02-02T22:38:23.507753Z
0.7660899999999999 0.76597 0.76621 2017-02-02T22:38:23.507753Z
0.7660899999999999 0.76597 0.76621 2017-02-02T22:38:23.507753Z
0.7660899999999999 0.76597 0.76621 2017-02-02T22:38:23.507753Z
0.7660899999999999 0.76597 0.76621 2017-02-02T22:38:23.507753Z
0.7660899999999999 0.76597 0.76621 2017-02-02T22:38:23.507753Z
0.7660899999999999 0.76597 0.76621 2017-02-02T22:38:23.507753Z
0.7660899999999999 0.76597 0.76621 2017-02-02T22:38:23.507753Z
0.7660899999999999 0.76597 0.76621 2017-02-02T22:38:23.507753Z
0.7660899999999999 0.76597 0.76621 2017-02-02T22:38:23.507753Z
0.7660899999999999 0.76597 0.76621 2017-02-02T22:38:23.507753Z
0.7660899999999999 0.76597 0.76621 2017-02-02T22:38:23.507753Z
0.7660899999999999 0.76597 0.76621 2017-02-02T22:38:23.507753Z
0.7660899999999999 0.76597 0.76621 2017-02-02T22:38:23.507753Z
0.7660899999999999 0.76597 0.76621 2017-02-02T22:38:23.507753Z
0.7660899999999999 0.76597 0.76621 2017-02-02T22:38:23.507753Z
0.7660899999999999 0.76597 0.76621 2017-02-02T22:38:23.507753Z
0.7660899999999999 0.76597 0.76621 2017-02-02T22:38:23.507753Z
0.7660899999999999 0.76597 0.76621 2017-02-02T22:38:23.507753Z
0.766135 0.76602 0.76625 2017-02-02T22:38:23.507753Z
0.766135 0.76602 0.76625 2017-02-02T22:38:23.507753Z
0.766135 0.76602 0.76625 2017-02-02T22:38:23.507753Z
0.766135 0.76602 0.76625 2017-02-02T22:38:23.507753Z
0.76618 0.76608 0.76628 2017-02-02T22:38:23.507753Z
0.76618 0.76608 0.76628 2017-02-02T22:38:23.507753Z
0.76618 0.76608 0.76628 2017-02-02T22:38:23.507753Z
0.76618 0.76608 0.76628 2017-02-02T22:38:23.507753Z
0.7662249999999999 0.7661 0.76635 2017-02-02T22:38:23.507753Z
0.766175 0.76606 0.76629 2017-02-02T22:38:23.507753Z
0.766175 0.76606 0.76629 2017-02-02T22:38:23.507753Z
0.766175 0.76606 0.76629 2017-02-02T22:38:23.507753Z
0.766175 0.76606 0.76629 2017-02-02T22:38:23.507753Z
0.766175 0.76606 0.76629 2017-02-02T22:38:23.507753Z
0.766175 0.76606 0.76629 2017-02-02T22:38:23.507753Z
0.766175 0.76606 0.76629 2017-02-02T22:38:23.507753Z
0.7662199999999999 0.76611 0.76633 2017-02-02T22:38:23.507753Z
0.766175 0.76607 0.76628 2017-02-02T22:38:23.507753Z
0.766175 0.76607 0.76628 2017-02-02T22:38:23.507753Z
0.766175 0.76607 0.76628 2017-02-02T22:38:23.507753Z
0.766175 0.76607 0.76628 2017-02-02T22:38:23.507753Z
0.766175 0.76607 0.76628 2017-02-02T22:38:23.507753Z
0.766175 0.76607 0.76628 2017-02-02T22:38:23.507753Z
0.766175 0.76607 0.76628 2017-02-02T22:38:23.507753Z
0.766175 0.76607 0.76628 2017-02-02T22:38:23.507753Z
0.766175 0.76607 0.76628 2017-02-02T22:38:23.507753Z
0.766175 0.76607 0.76628 2017-02-02T22:38:23.507753Z
0.766175 0.76607 0.76628 2017-02-02T22:38:23.507753Z
0.766175 0.76607 0.76628 2017-02-02T22:38:23.507753Z
0.766175 0.76607 0.76628 2017-02-02T22:38:23.507753Z
0.766175 0.76607 0.76628 2017-02-02T22:38:23.507753Z
0.766175 0.76607 0.76628 2017-02-02T22:38:23.507753Z
0.766175 0.76607 0.76628 2017-02-02T22:38:23.507753Z
0.766175 0.76607 0.76628 2017-02-02T22:38:23.507753Z
0.766175 0.76607 0.76628 2017-02-02T22:38:23.507753Z
0.766175 0.76607 0.76628 2017-02-02T22:38:23.507753Z
0.766175 0.76607 0.76628 2017-02-02T22:38:23.507753Z
0.766175 0.76607 0.76628 2017-02-02T22:38:23.507753Z
0.766175 0.76607 0.76628 2017-02-02T22:38:23.507753Z
0.766175 0.76607 0.76628 2017-02-02T22:38:23.507753Z
0.766175 0.76607 0.76628 2017-02-02T22:38:23.507753Z
0.766175 0.76607 0.76628 2017-02-02T22:38:23.507753Z
0.766175 0.76607 0.76628 2017-02-02T22:38:23.507753Z
0.766175 0.76607 0.76628 2017-02-02T22:38:23.507753Z
0.766175 0.76607 0.76628 2017-02-02T22:38:23.507753Z
0.766175 0.76607 0.76628 2017-02-02T22:38:23.507753Z
0.766175 0.76607 0.76628 2017-02-02T22:38:23.507753Z
0.766175 0.76607 0.76628 2017-02-02T22:38:23.507753Z
0.766175 0.76607 0.76628 2017-02-02T22:38:23.507753Z
0.766175 0.76607 0.76628 2017-02-02T22:38:23.507753Z
0.766175 0.76607 0.76628 2017-02-02T22:38:23.507753Z
0.766175 0.76607 0.76628 2017-02-02T22:38:23.507753Z
0.766175 0.76607 0.76628 2017-02-02T22:38:23.507753Z
0.766175 0.76607 0.76628 2017-02-02T22:38:23.507753Z
0.766175 0.76607 0.76628 2017-02-02T22:38:23.507753Z
0.7662199999999999 0.76611 0.76633 2017-02-02T22:38:23.507753Z
0.7662199999999999 0.76611 0.76633 2017-02-02T22:38:23.507753Z
0.7662199999999999 0.76611 0.76633 2017-02-02T22:38:23.507753Z
0.7662199999999999 0.76611 0.76633 2017-02-02T22:38:23.507753Z
0.7662199999999999 0.76611 0.76633 2017-02-02T22:38:23.507753Z
0.7662199999999999 0.76611 0.76633 2017-02-02T22:38:23.507753Z
0.7662199999999999 0.76611 0.76633 2017-02-02T22:38:23.507753Z
0.7662199999999999 0.76611 0.76633 2017-02-02T22:38:23.507753Z
0.7662199999999999 0.76611 0.76633 2017-02-02T22:38:23.507753Z
0.7662199999999999 0.76611 0.76633 2017-02-02T22:38:23.507753Z
0.7662199999999999 0.76611 0.76633 2017-02-02T22:38:23.507753Z
0.7662199999999999 0.76611 0.76633 2017-02-02T22:38:23.507753Z
0.7662199999999999 0.76611 0.76633 2017-02-02T22:38:23.507753Z
0.7662199999999999 0.76611 0.76633 2017-02-02T22:38:23.507753Z
0.7662199999999999 0.76611 0.76633 2017-02-02T22:38:23.507753Z
0.7662199999999999 0.76611 0.76633 2017-02-02T22:38:23.507753Z
0.7662199999999999 0.76611 0.76633 2017-02-02T22:38:23.507753Z
0.7662199999999999 0.76611 0.76633 2017-02-02T22:38:23.507753Z
0.7662199999999999 0.76611 0.76633 2017-02-02T22:38:23.507753Z
0.7662199999999999 0.76611 0.76633 2017-02-02T22:38:23.507753Z
0.7662199999999999 0.76611 0.76633 2017-02-02T22:38:23.507753Z
0.7662199999999999 0.76611 0.76633 2017-02-02T22:38:23.507753Z
0.7662199999999999 0.76611 0.76633 2017-02-02T22:38:23.507753Z
0.7662199999999999 0.76611 0.76633 2017-02-02T22:38:23.507753Z
0.7662199999999999 0.76611 0.76633 2017-02-02T22:38:23.507753Z
0.7662199999999999 0.76611 0.76633 2017-02-02T22:38:23.507753Z
0.7662199999999999 0.76611 0.76633 2017-02-02T22:38:23.507753Z
0.7662199999999999 0.76611 0.76633 2017-02-02T22:38:23.507753Z
0.7662199999999999 0.76611 0.76633 2017-02-02T22:38:23.507753Z
0.7662199999999999 0.76611 0.76633 2017-02-02T22:38:23.507753Z
0.7662199999999999 0.76611 0.76633 2017-02-02T22:38:23.507753Z
0.7662199999999999 0.76611 0.76633 2017-02-02T22:38:23.507753Z
0.7662199999999999 0.76611 0.76633 2017-02-02T22:38:23.507753Z
0.7662199999999999 0.76611 0.76633 2017-02-02T22:38:23.507753Z
0.7662199999999999 0.76611 0.76633 2017-02-02T22:38:23.507753Z
0.7662199999999999 0.76611 0.76633 2017-02-02T22:38:23.507753Z
0.7662199999999999 0.76611 0.76633 2017-02-02T22:38:23.507753Z
0.7662199999999999 0.76611 0.76633 2017-02-02T22:38:23.507753Z
0.7662199999999999 0.76611 0.76633 2017-02-02T22:38:23.507753Z
0.7662199999999999 0.76611 0.76633 2017-02-02T22:38:23.507753Z
0.7662199999999999 0.76611 0.76633 2017-02-02T22:38:23.507753Z
0.7662199999999999 0.76611 0.76633 2017-02-02T22:38:23.507753Z
0.7662199999999999 0.76611 0.76633 2017-02-02T22:38:23.507753Z
0.7662199999999999 0.76611 0.76633 2017-02-02T22:38:23.507753Z
0.7662199999999999 0.76611 0.76633 2017-02-02T22:38:23.507753Z
0.766265 0.76616 0.76637 2017-02-02T22:38:23.507753Z
0.766265 0.76616 0.76637 2017-02-02T22:38:23.507753Z
