0.7660899999999999 0.766135 0.02 +
0.7660908999999999 0.766135 0.02 +
0.766135 0.7660899999999999 0.02 -
0.7661341 0.7660899999999999 0.02 -
0.766133218 0.7660899999999999 0.02 -
0.76613235364 0.7660899999999999 0.02 -
0.7661315065672 0.7660899999999999 0.02 -
0.766130676435856 0.7660899999999999 0.02 -
0.7661298629071388 0.7660899999999999 0.02 -
0.7661290656489961 0.7660899999999999 0.02 -
0.7661282843360162 0.7660899999999999 0.02 -
0.7661275186492958 0.7660899999999999 0.02 -
0.7661267682763099 0.7660899999999999 0.02 -
0.7661260329107836 0.7660899999999999 0.02 -
0.766125312252568 0.7660899999999999 0.02 -
0.7661246060075166 0.7660899999999999 0.02 -
0.7661239138873663 0.7660899999999999 0.02 -
0.766123235609619 0.7660899999999999 0.02 -
0.7661225708974266 0.7660899999999999 0.02 -
0.7660899999999999 0.766135 0.02 +
0.7660954 0.7662249999999999 0.04 +
0.766100584 0.7662249999999999 0.04 +
0.76610556064 0.7662249999999999 0.04 +
0.7661103382144 0.7662249999999999 0.04 +
0.766114924685824 0.7662249999999999 0.04 +
0.766119327698391 0.7662249999999999 0.04 +
0.7661235545904553 0.7662249999999999 0.04 +
0.7661276124068371 0.7662249999999999 0.04 +
0.7661315079105636 0.7662249999999999 0.04 +
0.7661352475941411 0.7662249999999999 0.04 +
0.7661388376903755 0.7662249999999999 0.04 +
0.7661422841827604 0.7662249999999999 0.04 +
0.76614559281545 0.7662249999999999 0.04 +
0.766148769102832 0.7662249999999999 0.04 +
0.7661518183387187 0.7662249999999999 0.04 +
0.7661547456051699 0.7662249999999999 0.04 +
0.7661575557809631 0.7662249999999999 0.04 +
0.7661602535497246 0.7662249999999999 0.04 +
0.7661628434077357 0.7662249999999999 0.04 +
