0.0 0.0 -3.2142857142909113e-06
0.0 0.0 -2.9846938775558464e-06
0.0 0.0 -2.771501457730429e-06
0.0 0.0 -2.573537067892541e-06
0.0 0.0 -2.3897129916145025e-06
0.0 0.0 -2.219019206499181e-06
59.15894213836062 3.2142857142909113e-06 -2.219019206499181e-06
73.63958751173392 6.198979591838828e-06 -2.219019206499181e-06
75.05274560642118 6.198979591838828e-06 -2.060517834606382e-06
76.41440969062634 6.198979591838828e-06 -1.9133379892773546e-06
77.72381109474331 6.198979591838828e-06 -1.7766709900432578e-06
78.98051456784887 6.198979591838828e-06 -1.6497659193258824e-06
80.18439653561036 6.198979591838828e-06 -1.531925496516891e-06
81.33562111818739 6.198979591838828e-06 -1.4225022467656844e-06
82.43461460386072 6.198979591838828e-06 -1.3208949434252782e-06
83.4820390246634 6.198979591838828e-06 -1.2265453046091868e-06
84.47876541781778 6.198979591838828e-06 -1.1389349257085305e-06
88.73391965969668 8.970481049553965e-06 -1.1389349257085305e-06
89.45377207609127 8.970481049553965e-06 -1.057582431015064e-06
90.13274383314241 8.970481049553965e-06 -9.820408287997024e-07
90.77251214042727 8.970481049553965e-06 -9.118950553140094e-07
91.37476897714718 8.970481049553965e-06 -8.467596942201515e-07
91.94120766042666 8.970481049553965e-06 -7.862768589187122e-07
92.47351110536191 8.970481049553965e-06 -7.301142261388041e-07
92.97334169375867 8.970481049553965e-06 -6.779632099860324e-07
93.44233265296619 8.970481049553965e-06 -6.295372664156015e-07
